RootBoneIds:
  - 0
  - 17
  - 43
  - 45
  - 71
  - 73
  - 78
Bones:
  - Id: 0
    ParentId: 4294967295
    Name: Root
    Offset: [1, -0, 0, -0, -0, 1, 1.62920671e-07, 0, 0, -1.62920671e-07, 1, -0, -0, 0, -0, 1]
    Transform: [1, 0, 0, 0, 0, 1, 0, 0, 0, 0, 1, 0, 0, 0, 0, 1]
    ChildIds:
      - 1
      - 8
      - 15
  - Id: 1
    ParentId: 0
    Name: Arm_L
    Offset: [0.0623470284, 0.96832478, 0.241784737, -0, 0.241784826, -0.249693796, 0.937652946, 0, 0.968324721, 5.21540571e-08, -0.249693945, -0, -0.0521856844, 0.0538927577, -0.202378705, 1]
    Transform: [0.0623468757, 0.241784662, 0.9683249, 0, 0.9683249, -0.249693751, 0, 0, 0.241784662, 0.937653124, -0.249693751, 0, 0, 0.215835392, 0, 1]
    ChildIds:
      - 2
  - Id: 2
    ParentId: 1
    Name: UpArm_L
    Offset: [0.815442085, 0.363082319, 0.450805187, -0, 0.450805128, -0.886873305, -0.101146623, 0, 0.363082618, 0.285704494, -0.886873126, -0, -0.229406118, 0.0796089172, -0.0682721734, 1]
    Transform: [0.511419952, 0.677049577, 0.529200613, 0, 0.0848593339, 0.573028326, -0.815130234, 0, -0.855130613, 0.461781651, 0.235604152, 0, 4.2028141e-09, 0.195120752, -6.85911061e-09, 1]
    ChildIds:
      - 3
  - Id: 3
    ParentId: 2
    Name: Forearm_L
    Offset: [0.942903519, -0.0936151966, 0.319638848, -0, 0.313772112, -0.0722173527, -0.946748078, 0, 0.111713611, 0.992985785, -0.0387201123, -0, -0.249752596, -0.0328830294, -0.0907664895, 1]
    Transform: [0.950894535, 0.0959926471, 0.294253141, 0, 0.251642048, 0.313757926, -0.915550232, 0, -0.180210382, 0.944638193, 0.274194926, 0, -5.58793545e-09, 0.199642137, -3.25962901e-09, 1]
    ChildIds:
      - 4
  - Id: 4
    ParentId: 3
    Name: BoneTwist_03.L
    Offset: [0.944522083, -0.0936145857, 0.314824045, -0, 0.308937788, -0.072217159, -0.948336601, 0, 0.111513972, 0.992985904, -0.0392895676, -0, -0.250212461, -0.0328831747, -0.0894910693, 1]
    Transform: [0.999986947, -6.4541365e-07, 0.0051019839, 0, 6.45399439e-07, 0.999999881, 4.44040538e-09, 0, -0.00510198437, -1.1475304e-09, 0.999987006, 0, 6.23986125e-08, -2.89874151e-08, -1.39698386e-08, 1]
    ChildIds:
      - 5
  - Id: 5
    ParentId: 4
    Name: BoneTwist_02.L
    Offset: [0.944519341, -0.0936152413, 0.314832151, -0, 0.308945924, -0.072217308, -0.948334038, 0, 0.111514986, 0.992985845, -0.0392885469, -0, -0.250211805, -0.131610587, -0.0894932225, 1]
    Transform: [1, 6.71483292e-07, -8.57980922e-06, 0, -6.71483804e-07, 0.99999994, -6.33270503e-08, 0, 8.57980922e-06, 6.33328128e-08, 1, 0, -1.76951289e-08, 0.098727569, -2.32830644e-09, 1]
    ChildIds:
      - 6
  - Id: 6
    ParentId: 5
    Name: BoneTwist_01.L
    Offset: [0.944521427, -0.0936141238, 0.31482619, -0, 0.308939993, -0.0722169951, -0.948335946, 0, 0.111513563, 0.992985964, -0.0392892919, -0, -0.250212103, -0.230338395, -0.089491643, 1]
    Transform: [1, -1.17160391e-06, 6.30342356e-06, 0, 1.17160357e-06, 0.99999994, 4.0981881e-08, 0, -6.30342447e-06, -4.09745056e-08, 1.00000012, 0, 1.95577741e-08, 0.098727487, 1.11758709e-08, 1]
    ChildIds:
      - 7
  - Id: 7
    ParentId: 6
    Name: BoneTwist_01.L_end
    Offset: [0.94452256, -0.0936145633, 0.314822793, -0, 0.308936566, -0.0722171441, -0.948336959, 0, 0.11151389, 0.992985904, -0.0392896943, -0, -0.25021258, -0.329065859, -0.089490734, 1]
    Transform: [1, 4.68455283e-07, 3.58326338e-06, 0, -4.68455255e-07, 0.99999994, 2.79312817e-09, 0, -3.58326383e-06, -2.7948075e-09, 1.00000012, 0, -4.65661287e-09, 0.0987275764, -5.58793545e-09, 1]
    ChildIds:
      []
  - Id: 8
    ParentId: 0
    Name: Arm_R
    Offset: [0.0623470284, -0.96832478, -0.241784737, -0, -0.241784826, -0.249693796, 0.937652946, 0, -0.968324721, 5.21540571e-08, -0.249693945, -0, 0.0521856844, 0.0538927577, -0.202378705, 1]
    Transform: [0.0623468757, -0.241784662, -0.9683249, 0, -0.9683249, -0.249693751, 0, 0, -0.241784662, 0.937653124, -0.249693751, 0, 0, 0.215835392, 0, 1]
    ChildIds:
      - 9
  - Id: 9
    ParentId: 8
    Name: UpArm_R
    Offset: [0.815442085, -0.363082319, -0.450805187, -0, -0.450805128, -0.886873305, -0.101146623, 0, -0.363082618, 0.285704494, -0.886873126, -0, 0.229406118, 0.0796089172, -0.0682721734, 1]
    Transform: [0.511419952, -0.677049577, -0.529200613, 0, -0.0848593339, 0.573028326, -0.815130234, 0, 0.855130613, 0.461781651, 0.235604152, 0, -4.2028141e-09, 0.195120752, -6.85911061e-09, 1]
    ChildIds:
      - 10
  - Id: 10
    ParentId: 9
    Name: Forearm_R
    Offset: [0.942903519, 0.0936151966, -0.319638848, -0, -0.313772112, -0.0722173527, -0.946748078, 0, -0.111713611, 0.992985785, -0.0387201123, -0, 0.249752596, -0.0328830294, -0.0907664895, 1]
    Transform: [0.950894535, -0.0959926471, -0.294253141, 0, -0.251642048, 0.313757926, -0.915550232, 0, 0.180210382, 0.944638193, 0.274194926, 0, 5.58793545e-09, 0.199642137, -3.25962901e-09, 1]
    ChildIds:
      - 11
  - Id: 11
    ParentId: 10
    Name: BoneTwist_03.R
    Offset: [0.944522083, 0.0936145857, -0.314824045, -0, -0.308937788, -0.072217159, -0.948336601, 0, -0.111513972, 0.992985904, -0.0392895676, -0, 0.250212461, -0.0328831747, -0.0894910693, 1]
    Transform: [0.999986947, 6.4541365e-07, -0.0051019839, 0, -6.45399439e-07, 0.999999881, 4.44040538e-09, 0, 0.00510198437, -1.1475304e-09, 0.999987006, 0, -6.23986125e-08, -2.89874151e-08, -1.39698386e-08, 1]
    ChildIds:
      - 12
  - Id: 12
    ParentId: 11
    Name: BoneTwist_02.R
    Offset: [0.944519341, 0.0936152413, -0.314832151, -0, -0.308945924, -0.072217308, -0.948334038, 0, -0.111514986, 0.992985845, -0.0392885469, -0, 0.250211805, -0.131610587, -0.0894932225, 1]
    Transform: [1, -6.71483292e-07, 8.57980922e-06, 0, 6.71483804e-07, 0.99999994, -6.33270503e-08, 0, -8.57980922e-06, 6.33328128e-08, 1, 0, 1.76951289e-08, 0.098727569, -2.32830644e-09, 1]
    ChildIds:
      - 13
  - Id: 13
    ParentId: 12
    Name: BoneTwist_01.R
    Offset: [0.944521427, 0.0936141238, -0.31482619, -0, -0.308939993, -0.0722169951, -0.948335946, 0, -0.111513563, 0.992985964, -0.0392892919, -0, 0.250212103, -0.230338395, -0.089491643, 1]
    Transform: [1, 1.17160391e-06, -6.30342356e-06, 0, -1.17160357e-06, 0.99999994, 4.0981881e-08, 0, 6.30342447e-06, -4.09745056e-08, 1.00000012, 0, -1.95577741e-08, 0.098727487, 1.11758709e-08, 1]
    ChildIds:
      - 14
  - Id: 14
    ParentId: 13
    Name: BoneTwist_01.R_end
    Offset: [0.94452256, 0.0936145633, -0.314822793, -0, -0.308936566, -0.0722171441, -0.948336959, 0, -0.11151389, 0.992985904, -0.0392896943, -0, 0.25021258, -0.329065859, -0.089490734, 1]
    Transform: [1, -4.68455283e-07, -3.58326338e-06, 0, 4.68455255e-07, 0.99999994, 2.79312817e-09, 0, 3.58326383e-06, -2.7948075e-09, 1.00000012, 0, 4.65661287e-09, 0.0987275764, -5.58793545e-09, 1]
    ChildIds:
      []
  - Id: 15
    ParentId: 0
    Name: Head_Cam
    Offset: [1, -0, 2.38418494e-07, -0, -3.88433013e-14, 1.00000012, 1.62920671e-07, 0, -2.38418494e-07, -1.62920685e-07, 1, -0, 8.47033048e-22, -0.215835407, -0, 1]
    Transform: [1, 0, -2.38418494e-07, 0, 0, 0.99999994, 0, 0, 2.38418494e-07, 0, 1, 0, 0, 0.215835392, 0, 1]
    ChildIds:
      - 16
  - Id: 16
    ParentId: 15
    Name: Head_Cam_end
    Offset: [1, -0, 2.38418508e-07, -0, -3.88433047e-14, 1.00000012, 1.62920671e-07, 0, -2.38418508e-07, -1.62920685e-07, 1, -0, -8.47033048e-22, -0.259893388, 3.5527141e-15, 1]
    Transform: [1, 0, -1.42108547e-14, 0, 0, 1, 0, 0, 1.42108547e-14, 0, 1, 0, 8.47032947e-22, 0.0440579802, 0, 1]
    ChildIds:
      []
  - Id: 17
    ParentId: 4294967295
    Name: IK_Hand_Cntrl_L
    Offset: [0.111488171, 0.98241818, -0.149749994, -0, -0.993497252, 0.106682196, -0.0397773124, 0, -0.0231023058, 0.153210908, 0.987923503, -0, -0.0490704663, -0.280047327, -0.313152909, 1]
    Transform: [0.111488104, -0.993497193, -0.0231024623, 0, 0.98241812, 0.106682122, 0.153210908, 0, -0.149749994, -0.0397774801, 0.987923443, 0, 0.233699694, -0.0313317478, 0.351143718, 1]
    ChildIds:
      - 18
  - Id: 18
    ParentId: 17
    Name: Hand_L
    Offset: [0.953086495, -0.117267095, 0.279059917, -0, 0.266080856, -0.114967421, -0.957070291, 0, 0.14431566, 0.986423254, -0.0783713013, -0, -0.265074819, -0.322573155, -0.0676832572, 1]
    Transform: [-0.161426663, 0.986826181, -0.0107360184, 0, 0.0783573166, 0.0236607231, 0.996644497, 0, 0.98376894, 0.160043806, -0.0811443329, 0, -1.39698386e-08, 4.07453626e-08, -3.21306288e-08, 1]
    ChildIds:
      - 19
      - 24
      - 29
      - 34
      - 39
  - Id: 19
    ParentId: 18
    Name: Bone_L.004
    Offset: [0.954389393, -0.0448685177, 0.295173824, -0, 0.298274219, 0.186874524, -0.936007679, 0, -0.0131631652, 0.981358469, 0.191734239, -0, -0.209072948, -0.328257084, -0.16563502, 1]
    Transform: [0.98708117, -0.159194767, -0.0181058887, 0, 0.148585573, 0.951812267, -0.268283516, 0, 0.0599427372, 0.26212731, 0.963169992, 0, -7.4505806e-09, 7.17118382e-08, 0, 1]
    ChildIds:
      - 20
  - Id: 20
    ParentId: 19
    Name: Bone_L.005
    Offset: [0.870935202, -0.369670391, 0.323752344, -0, 0.318142563, -0.0779361278, -0.944833755, 0, 0.374509096, 0.92588836, 0.0497306027, -0, -0.38544336, -0.382890254, -0.100583017, 1]
    Transform: [0.921175361, 0.387902945, 0.0310995895, 0, -0.388243467, 0.910651028, 0.141356289, 0, 0.0265116505, -0.142288178, 0.989470303, 0, -2.15368345e-08, 0.155625254, -3.88827175e-08, 1]
    ChildIds:
      - 21
  - Id: 21
    ParentId: 20
    Name: Bone_L.006
    Offset: [0.772096395, -0.550095439, 0.31821695, -0, 0.301306993, -0.12400344, -0.945429444, 0, 0.559536397, 0.825843811, 0.070005022, -0, -0.467087567, -0.342091352, -0.110620908, 1]
    Transform: [0.977856159, 0.20916453, -0.00689095212, 0, -0.209262028, 0.977657676, -0.019862365, 0, 0.00258249068, 0.0208645519, 0.999778926, 0, 6.51925802e-08, 0.0515642054, 4.65661287e-09, 1]
    ChildIds:
      - 22
  - Id: 22
    ParentId: 21
    Name: Bone_L.007
    Offset: [0.411010474, -0.85368681, 0.319826722, -0, 0.196936414, -0.259399682, -0.945477366, 0, 0.890104473, 0.451586783, 0.0615060627, -0, -0.589712262, -0.099821128, -0.106029265, 1]
    Transform: [0.874724269, 0.484571695, 0.00691277813, 0, -0.484608144, 0.874715865, 0.00519982073, 0, -0.00352703058, -0.00789839774, 0.999962449, 0, -1.0477379e-08, 0.0301442463, -9.31322575e-09, 1]
    ChildIds:
      - 23
  - Id: 23
    ParentId: 22
    Name: Bone_L.007_end
    Offset: [0.411010385, -0.853687048, 0.319826692, -0, 0.196936354, -0.259399682, -0.945477486, 0, 0.890104532, 0.451586604, 0.0615060553, -0, -0.589712381, -0.139391944, -0.106029257, 1]
    Transform: [1, 1.8812716e-07, 3.72528994e-08, 0, -1.88127146e-07, 0.99999994, -3.81842327e-08, 0, -3.7252903e-08, 3.81842256e-08, 0.999999881, 0, 9.22009349e-08, 0.0395709164, 5.58793545e-09, 1]
    ChildIds:
      []
  - Id: 24
    ParentId: 18
    Name: Bone_L.008
    Offset: [0.978280008, -0.0253041759, 0.205737218, -0, 0.204609632, -0.0411429144, -0.977978587, 0, 0.0332116038, 0.998832762, -0.0350717567, -0, -0.233875036, -0.34610942, -0.066407226, 1]
    Transform: [0.991621196, -0.105482839, 0.0745701492, 0, 0.109082803, 0.992969394, -0.0459646136, 0, -0.0691974089, 0.053713806, 0.996155858, 0, -7.4505806e-09, 7.17118382e-08, 0, 1]
    ChildIds:
      - 25
  - Id: 25
    ParentId: 24
    Name: Bone_L.009
    Offset: [0.934648633, -0.315456778, 0.164068758, -0, 0.118281923, -0.15930751, -0.98011744, 0, 0.335322171, 0.935471833, -0.111583658, -0, -0.379201144, -0.404481441, -0.0183880497, 1]
    Transform: [0.949686468, 0.306413889, 0.0648545027, 0, -0.310132593, 0.948917091, 0.0580894351, 0, -0.0437421277, -0.0752802417, 0.996202528, 0, 1.86264515e-09, 0.152518213, -5.58793545e-09, 1]
    ChildIds:
      - 26
  - Id: 26
    ParentId: 25
    Name: Bone_L.010
    Offset: [0.712144673, -0.674231589, 0.195605144, -0, 0.0651314408, -0.213971958, -0.974666119, 0, 0.699004769, 0.706843257, -0.108465239, -0, -0.533458352, -0.252950042, -0.026618788, 1]
    Transform: [0.907701015, 0.418872625, -0.0249933209, 0, -0.418458611, 0.908010662, 0.0202250462, 0, 0.0311659146, -0.0078996243, 0.99948287, 0, -4.19095159e-08, 0.0484406203, -5.58793545e-09, 1]
    ChildIds:
      - 27
  - Id: 27
    ParentId: 26
    Name: Bone_L.011
    Offset: [0.260712504, -0.938657939, 0.225721285, -0, -0.00224030716, -0.234394789, -0.972139001, 0, 0.965413749, 0.252943009, -0.0632124692, -0, -0.603770018, 0.0215173457, -0.0581941456, 1]
    Transform: [0.860348105, 0.507095158, -0.0515336506, 0, -0.50691843, 0.861818016, 0.0174147282, 0, 0.0532435589, 0.0111406269, 0.998519421, 0, 2.91038305e-08, 0.035323102, -5.58793545e-09, 1]
    ChildIds:
      - 28
  - Id: 28
    ParentId: 27
    Name: Bone_L.011_end
    Offset: [0.260714024, -0.938657463, 0.225721419, -0, -0.00223965896, -0.234394893, -0.972139001, 0, 0.965413392, 0.252944648, -0.0632122308, -0, -0.603770018, -0.0132186236, -0.0581942983, 1]
    Transform: [0.999999881, -1.68435508e-06, -2.6717322e-07, 0, 1.6843552e-06, 0.99999994, 7.35742631e-08, 0, 2.67173107e-07, -7.35747179e-08, 0.99999994, 0, -4.39904397e-08, 0.0347349346, -3.7252903e-09, 1]
    ChildIds:
      []
  - Id: 29
    ParentId: 18
    Name: Bone_L.012
    Offset: [0.98443383, -0.0129197771, 0.175279945, -0, 0.167376354, -0.235343471, -0.95739156, 0, 0.0536202863, 0.971826315, -0.229517519, -0, -0.243646145, -0.345605135, 0.00963408314, 1]
    Transform: [0.99052453, -0.0817922577, 0.110322818, 0, 0.065315716, 0.987204075, 0.145471498, 0, -0.1208096, -0.136887282, 0.983192325, 0, -7.4505806e-09, 7.17118382e-08, 0, 1]
    ChildIds:
      - 30
  - Id: 30
    ParentId: 29
    Name: Bone_L.013
    Offset: [0.949843407, -0.299003154, 0.0916211903, -0, 0.00883354805, -0.26720652, -0.963598669, 0, 0.312600851, 0.916077316, -0.251163006, -0, -0.375868499, -0.406971991, 0.0394281857, 1]
    Transform: [0.953298271, 0.289443046, 0.0862839445, 0, -0.289952517, 0.957016289, -0.0068438896, 0, -0.0845560804, -0.0184939839, 0.996246934, 0, 1.3038516e-08, 0.153395489, 3.7252903e-09, 1]
    ChildIds:
      - 31
  - Id: 31
    ParentId: 30
    Name: Bone_L.014
    Offset: [0.572794914, -0.816375494, 0.0737371966, -0, -0.189295948, -0.219266176, -0.957125425, 0, 0.797541857, 0.534278512, -0.280130982, -0, -0.56915617, -0.124977365, 0.0594279692, 1]
    Transform: [0.791705608, 0.60992372, 0.0345723927, 0, -0.610349834, 0.792128503, 0.0022962715, 0, -0.0259852316, -0.0229192264, 0.999399543, 0, -2.34576873e-08, 0.0405300893, -1.3038516e-08, 1]
    ChildIds:
      - 32
  - Id: 32
    ParentId: 31
    Name: Bone_L.015
    Offset: [-0.0785524771, -0.988286972, 0.130837351, 0, -0.28131628, -0.103934266, -0.953969896, 0, 0.956394613, -0.111743271, -0.269856781, -0, -0.541713476, 0.24109143, 0.043127466, 1]
    Transform: [0.771022201, 0.636792541, -0.00445314078, 0, -0.635531425, 0.769900262, 0.0579073988, 0, 0.0403034762, -0.041817788, 0.998311937, 0, -3.53902578e-08, 0.0361687839, 5.58793545e-09, 1]
    ChildIds:
      - 33
  - Id: 33
    ParentId: 32
    Name: Bone_L.015_end
    Offset: [-0.0785491168, -0.98828727, 0.130836606, 0, -0.281315714, -0.103934526, -0.953970075, 0, 0.95639509, -0.111739784, -0.269856632, -0, -0.541714311, 0.208574161, 0.043127466, 1]
    Transform: [0.99999994, -3.43378611e-06, -2.47264865e-07, 0, 3.43378679e-06, 1.00000012, -7.32951321e-07, 0, 2.47267394e-07, 7.32950411e-07, 1, 0, -5.12227416e-08, 0.0325153954, 2.23517418e-08, 1]
    ChildIds:
      []
  - Id: 34
    ParentId: 18
    Name: Bone_L.016
    Offset: [0.300269514, -0.0345439613, 0.953228652, -0, 0.857126117, -0.428725123, -0.285533458, 0, 0.418536484, 0.902774215, -0.0991244987, -0, -0.190284163, -0.322363317, -0.196908578, 1]
    Transform: [0.574649155, 0.279100925, -0.76933825, 0, -0.0167144537, 0.943857908, 0.329928607, 0, 0.818229198, -0.17673412, 0.547052145, 0, -7.4505806e-09, 7.17118382e-08, 0, 1]
    ChildIds:
      - 35
  - Id: 35
    ParentId: 34
    Name: Bone_L.017
    Offset: [0.865956366, -0.470939666, -0.168331608, -0, -0.386752665, -0.417190909, -0.822419703, 0, 0.317083716, 0.777282417, -0.543406129, -0, -0.391350806, -0.315139055, 0.224897012, 1]
    Transform: [0.0612351224, 0.422151953, 0.90445447, 0, -0.17367284, 0.896838546, -0.406838953, 0, -0.982897699, -0.132166326, 0.128234357, 0, -7.4505806e-09, 0.155198842, -3.53902578e-08, 1]
    ChildIds:
      - 36
  - Id: 36
    ParentId: 35
    Name: Bone_L.018
    Offset: [0.482878447, -0.865623355, -0.132380232, -0, -0.559759319, -0.188864321, -0.806845427, 0, 0.673422575, 0.463709503, -0.575739145, -0, -0.511928976, -0.0743189454, 0.23556897, 1]
    Transform: [0.848171473, 0.529559195, 0.0131314769, 0, -0.529513657, 0.846881986, 0.0490549169, 0, 0.0148566738, -0.0485602729, 0.998709857, 0, 0, 0.0303362943, 5.21540642e-08, 1]
    ChildIds:
      - 37
  - Id: 37
    ParentId: 36
    Name: Bone_L.019
    Offset: [-0.0289609097, -0.99361825, -0.109013155, 0, -0.539032459, 0.107367076, -0.835413635, 0, 0.8417871, 0.0345673114, -0.538701892, -0, -0.502268255, 0.181090325, 0.208271384, 1]
    Transform: [0.854622126, 0.517217755, -0.045899976, 0, -0.516618252, 0.855850637, 0.0250049792, 0, 0.052216541, 0.00234295335, 0.998633027, 0, 7.4505806e-09, 0.0299888588, -4.65661287e-08, 1]
    ChildIds:
      - 38
  - Id: 38
    ParentId: 37
    Name: Bone_L.019_end
    Offset: [-0.0289587434, -0.993618488, -0.109014027, 0, -0.5390324, 0.107366651, -0.835413992, 0, 0.841787279, 0.0345695764, -0.538701594, -0, -0.502268732, 0.154407158, 0.208271384, 1]
    Transform: [1, -2.1429737e-06, -4.02330471e-07, 0, 2.14297279e-06, 0.999999821, -8.45641352e-07, 0, 4.02332233e-07, 8.456405e-07, 0.999999881, 0, 3.21306288e-08, 0.0266819336, -2.60770321e-08, 1]
    ChildIds:
      []
  - Id: 39
    ParentId: 18
    Name: Bone_L.020
    Offset: [0.166348279, -0.461233646, 0.871545553, -0, 0.643124998, 0.720746815, 0.258678377, 0, -0.747474849, 0.517481923, 0.416525871, -0, 0.289424181, -0.108457774, -0.333648711, 1]
    Transform: [0.221795171, -0.830772042, -0.510513961, 0, -0.173137978, 0.481681436, -0.859072864, 0, 0.959598958, 0.278927624, -0.0370036326, 0, -0.0278769098, 0.0631782934, -0.0254474916, 1]
    ChildIds:
      - 40
  - Id: 40
    ParentId: 39
    Name: Bone_L.021
    Offset: [-0.0544987842, -0.474924743, 0.878337264, -0, 0.912345767, 0.333786607, 0.237090379, -0, -0.405777305, 0.81426847, 0.415104657, -0, 0.173418567, -0.280645132, -0.333862096, 1]
    Transform: [0.880994737, 0.472724527, 0.0194891654, 0, -0.472981602, 0.880996108, 0.0115886126, 0, -0.011691656, -0.0194275212, 0.999742866, 0, -1.01514161e-07, 0.050324183, 5.07570803e-08, 1]
    ChildIds:
      - 41
  - Id: 41
    ParentId: 40
    Name: Bone_L.022
    Offset: [-0.30560708, -0.363061696, 0.880221784, -0, 0.945282698, -0.226579398, 0.234739482, 0, 0.114215173, 0.903796554, 0.412440151, -0, -0.0358242169, -0.36639446, -0.332815766, 1]
    Transform: [0.832733631, 0.553664804, 0.00310248509, 0, -0.553672314, 0.832730532, 0.0025596607, 0, -0.00116634043, -0.00384927634, 0.999991894, 0, -2.32830644e-08, 0.0430162735, 2.09547579e-08, 1]
    ChildIds:
      - 42
  - Id: 42
    ParentId: 41
    Name: Bone_L.022_end
    Offset: [-0.305607378, -0.363062531, 0.880221367, -0, 0.945282638, -0.226580009, 0.234739423, 0, 0.114215441, 0.903796136, 0.412441164, -0, -0.0358243249, -0.409794807, -0.332816243, 1]
    Transform: [1, 3.65078364e-07, -1.54599732e-07, 0, -3.65078535e-07, 1, -1.03935599e-06, 0, 1.54599348e-07, 1.03935588e-06, 0.99999994, 0, 9.31322575e-09, 0.0434005894, 2.65426934e-08, 1]
    ChildIds:
      []
  - Id: 43
    ParentId: 4294967295
    Name: IK_PoleTrgt_L
    Offset: [-0.331960469, 0.466445893, -0.819896579, -0, 0.580928802, -0.5837062, -0.567282021, 0, -0.743184984, -0.664616823, -0.0772044137, 0, 0.152953967, -0.350625813, 0.194250092, 1]
    Transform: [-0.331960529, 0.580928862, -0.743184984, 0, 0.466445833, -0.583706021, -0.664616764, 0, -0.819896698, -0.56728214, -0.0772047043, 0, 0.373587608, -0.183323115, -0.10436175, 1]
    ChildIds:
      - 44
  - Id: 44
    ParentId: 43
    Name: IK_PoleTrgt_L_end
    Offset: [-0.33196041, 0.466446012, -0.819896579, -0, 0.580928743, -0.583706379, -0.56728214, 0, -0.743185103, -0.664616764, -0.0772044361, 0, 0.152953893, -0.451070428, 0.194250092, 1]
    Transform: [1, 1.49011612e-07, -1.86264626e-09, 0, -1.49011612e-07, 1, -1.49011612e-08, 0, 1.86264404e-09, 1.49011612e-08, 1, 0, -1.49011612e-08, 0.100444563, 0, 1]
    ChildIds:
      []
  - Id: 45
    ParentId: 4294967295
    Name: IK_Hand_Cntrl_R
    Offset: [0.111488171, -0.98241818, 0.149749994, -0, 0.993497252, 0.106682196, -0.0397773124, 0, 0.0231023058, 0.153210908, 0.987923503, -0, 0.0490704663, -0.280047327, -0.313152909, 1]
    Transform: [0.111488104, 0.993497193, 0.0231024623, 0, -0.98241812, 0.106682122, 0.153210908, 0, 0.149749994, -0.0397774801, 0.987923443, 0, -0.233699694, -0.0313317478, 0.351143718, 1]
    ChildIds:
      - 46
  - Id: 46
    ParentId: 45
    Name: Hand_R
    Offset: [0.953086495, 0.117267095, -0.279059917, -0, -0.266080856, -0.114967421, -0.957070291, 0, -0.14431566, 0.986423254, -0.0783713013, -0, 0.265074819, -0.322573155, -0.0676832572, 1]
    Transform: [-0.161426663, -0.986826181, 0.0107360184, 0, -0.0783573166, 0.0236607231, 0.996644497, 0, -0.98376894, 0.160043806, -0.0811443329, 0, 1.39698386e-08, 4.07453626e-08, -3.21306288e-08, 1]
    ChildIds:
      - 47
      - 52
      - 57
      - 62
      - 67
  - Id: 47
    ParentId: 46
    Name: Bone_R.004
    Offset: [0.954389393, 0.0448685177, -0.295173824, -0, -0.298274219, 0.186874524, -0.936007679, 0, 0.0131631652, 0.981358469, 0.191734239, -0, 0.209072948, -0.328257084, -0.16563502, 1]
    Transform: [0.98708117, 0.159194767, 0.0181058887, 0, -0.148585573, 0.951812267, -0.268283516, 0, -0.0599427372, 0.26212731, 0.963169992, 0, 7.4505806e-09, 7.17118382e-08, 0, 1]
    ChildIds:
      - 48
  - Id: 48
    ParentId: 47
    Name: Bone_R.005
    Offset: [0.870935202, 0.369670391, -0.323752344, -0, -0.318142563, -0.0779361278, -0.944833755, 0, -0.374509096, 0.92588836, 0.0497306027, -0, 0.38544336, -0.382890254, -0.100583017, 1]
    Transform: [0.921175361, -0.387902945, -0.0310995895, 0, 0.388243467, 0.910651028, 0.141356289, 0, -0.0265116505, -0.142288178, 0.989470303, 0, 2.15368345e-08, 0.155625254, -3.88827175e-08, 1]
    ChildIds:
      - 49
  - Id: 49
    ParentId: 48
    Name: Bone_R.006
    Offset: [0.772096395, 0.550095439, -0.31821695, -0, -0.301306993, -0.12400344, -0.945429444, 0, -0.559536397, 0.825843811, 0.070005022, -0, 0.467087567, -0.342091352, -0.110620908, 1]
    Transform: [0.977856159, -0.20916453, 0.00689095212, 0, 0.209262028, 0.977657676, -0.019862365, 0, -0.00258249068, 0.0208645519, 0.999778926, 0, -6.51925802e-08, 0.0515642054, 4.65661287e-09, 1]
    ChildIds:
      - 50
  - Id: 50
    ParentId: 49
    Name: Bone_R.007
    Offset: [0.411010474, 0.85368681, -0.319826722, -0, -0.196936414, -0.259399682, -0.945477366, 0, -0.890104473, 0.451586783, 0.0615060627, -0, 0.589712262, -0.099821128, -0.106029265, 1]
    Transform: [0.874724269, -0.484571695, -0.00691277813, 0, 0.484608144, 0.874715865, 0.00519982073, 0, 0.00352703058, -0.00789839774, 0.999962449, 0, 1.0477379e-08, 0.0301442463, -9.31322575e-09, 1]
    ChildIds:
      - 51
  - Id: 51
    ParentId: 50
    Name: Bone_R.007_end
    Offset: [0.411010385, 0.853687048, -0.319826692, -0, -0.196936354, -0.259399682, -0.945477486, 0, -0.890104532, 0.451586604, 0.0615060553, -0, 0.589712381, -0.139391944, -0.106029257, 1]
    Transform: [1, -1.8812716e-07, -3.72528994e-08, 0, 1.88127146e-07, 0.99999994, -3.81842327e-08, 0, 3.7252903e-08, 3.81842256e-08, 0.999999881, 0, -9.22009349e-08, 0.0395709164, 5.58793545e-09, 1]
    ChildIds:
      []
  - Id: 52
    ParentId: 46
    Name: Bone_R.008
    Offset: [0.978280008, 0.0253041759, -0.205737218, -0, -0.204609632, -0.0411429144, -0.977978587, 0, -0.0332116038, 0.998832762, -0.0350717567, -0, 0.233875036, -0.34610942, -0.066407226, 1]
    Transform: [0.991621196, 0.105482839, -0.0745701492, 0, -0.109082803, 0.992969394, -0.0459646136, 0, 0.0691974089, 0.053713806, 0.996155858, 0, 7.4505806e-09, 7.17118382e-08, 0, 1]
    ChildIds:
      - 53
  - Id: 53
    ParentId: 52
    Name: Bone_R.009
    Offset: [0.934648633, 0.315456778, -0.164068758, -0, -0.118281923, -0.15930751, -0.98011744, 0, -0.335322171, 0.935471833, -0.111583658, -0, 0.379201144, -0.404481441, -0.0183880497, 1]
    Transform: [0.949686468, -0.306413889, -0.0648545027, 0, 0.310132593, 0.948917091, 0.0580894351, 0, 0.0437421277, -0.0752802417, 0.996202528, 0, -1.86264515e-09, 0.152518213, -5.58793545e-09, 1]
    ChildIds:
      - 54
  - Id: 54
    ParentId: 53
    Name: Bone_R.010
    Offset: [0.712144673, 0.674231589, -0.195605144, -0, -0.0651314408, -0.213971958, -0.974666119, 0, -0.699004769, 0.706843257, -0.108465239, -0, 0.533458352, -0.252950042, -0.026618788, 1]
    Transform: [0.907701015, -0.418872625, 0.0249933209, 0, 0.418458611, 0.908010662, 0.0202250462, 0, -0.0311659146, -0.0078996243, 0.99948287, 0, 4.19095159e-08, 0.0484406203, -5.58793545e-09, 1]
    ChildIds:
      - 55
  - Id: 55
    ParentId: 54
    Name: Bone_R.011
    Offset: [0.260712504, 0.938657939, -0.225721285, -0, 0.00224030716, -0.234394789, -0.972139001, 0, -0.965413749, 0.252943009, -0.0632124692, -0, 0.603770018, 0.0215173457, -0.0581941456, 1]
    Transform: [0.860348105, -0.507095158, 0.0515336506, 0, 0.50691843, 0.861818016, 0.0174147282, 0, -0.0532435589, 0.0111406269, 0.998519421, 0, -2.91038305e-08, 0.035323102, -5.58793545e-09, 1]
    ChildIds:
      - 56
  - Id: 56
    ParentId: 55
    Name: Bone_R.011_end
    Offset: [0.260714024, 0.938657463, -0.225721419, -0, 0.00223965896, -0.234394893, -0.972139001, 0, -0.965413392, 0.252944648, -0.0632122308, -0, 0.603770018, -0.0132186236, -0.0581942983, 1]
    Transform: [0.999999881, 1.68435508e-06, 2.6717322e-07, 0, -1.6843552e-06, 0.99999994, 7.35742631e-08, 0, -2.67173107e-07, -7.35747179e-08, 0.99999994, 0, 4.39904397e-08, 0.0347349346, -3.7252903e-09, 1]
    ChildIds:
      []
  - Id: 57
    ParentId: 46
    Name: Bone_R.012
    Offset: [0.98443383, 0.0129197771, -0.175279945, -0, -0.167376354, -0.235343471, -0.95739156, 0, -0.0536202863, 0.971826315, -0.229517519, -0, 0.243646145, -0.345605135, 0.00963408314, 1]
    Transform: [0.99052453, 0.0817922577, -0.110322818, 0, -0.065315716, 0.987204075, 0.145471498, 0, 0.1208096, -0.136887282, 0.983192325, 0, 7.4505806e-09, 7.17118382e-08, 0, 1]
    ChildIds:
      - 58
  - Id: 58
    ParentId: 57
    Name: Bone_R.013
    Offset: [0.949843407, 0.299003154, -0.0916211903, -0, -0.00883354805, -0.26720652, -0.963598669, 0, -0.312600851, 0.916077316, -0.251163006, -0, 0.375868499, -0.406971991, 0.0394281857, 1]
    Transform: [0.953298271, -0.289443046, -0.0862839445, 0, 0.289952517, 0.957016289, -0.0068438896, 0, 0.0845560804, -0.0184939839, 0.996246934, 0, -1.3038516e-08, 0.153395489, 3.7252903e-09, 1]
    ChildIds:
      - 59
  - Id: 59
    ParentId: 58
    Name: Bone_R.014
    Offset: [0.572794914, 0.816375494, -0.0737371966, -0, 0.189295948, -0.219266176, -0.957125425, 0, -0.797541857, 0.534278512, -0.280130982, -0, 0.56915617, -0.124977365, 0.0594279692, 1]
    Transform: [0.791705608, -0.60992372, -0.0345723927, 0, 0.610349834, 0.792128503, 0.0022962715, 0, 0.0259852316, -0.0229192264, 0.999399543, 0, 2.34576873e-08, 0.0405300893, -1.3038516e-08, 1]
    ChildIds:
      - 60
  - Id: 60
    ParentId: 59
    Name: Bone_R.015
    Offset: [-0.0785524771, 0.988286972, -0.130837351, -0, 0.28131628, -0.103934266, -0.953969896, 0, -0.956394613, -0.111743271, -0.269856781, 0, 0.541713476, 0.24109143, 0.043127466, 1]
    Transform: [0.771022201, -0.636792541, 0.00445314078, 0, 0.635531425, 0.769900262, 0.0579073988, 0, -0.0403034762, -0.041817788, 0.998311937, 0, 3.53902578e-08, 0.0361687839, 5.58793545e-09, 1]
    ChildIds:
      - 61
  - Id: 61
    ParentId: 60
    Name: Bone_R.015_end
    Offset: [-0.0785491168, 0.98828727, -0.130836606, -0, 0.281315714, -0.103934526, -0.953970075, 0, -0.95639509, -0.111739784, -0.269856632, 0, 0.541714311, 0.208574161, 0.043127466, 1]
    Transform: [0.99999994, 3.43378611e-06, 2.47264865e-07, 0, -3.43378679e-06, 1.00000012, -7.32951321e-07, 0, -2.47267394e-07, 7.32950411e-07, 1, 0, 5.12227416e-08, 0.0325153954, 2.23517418e-08, 1]
    ChildIds:
      []
  - Id: 62
    ParentId: 46
    Name: Bone_R.016
    Offset: [0.992160022, 0.0345439576, -0.120104223, -0, -0.0938451961, -0.428725183, -0.898547471, 0, -0.082531102, 0.902774274, -0.42212218, -0, 0.25790745, -0.322363287, 0.0920042247, 1]
    Transform: [0.982495427, 0.0457262807, -0.180587605, 0, 0.016714491, 0.943857908, 0.329928637, 0, 0.185535461, -0.327171832, 0.926571846, 0, 7.4505806e-09, 7.17118382e-08, 0, 1]
    ChildIds:
      - 63
  - Id: 63
    ParentId: 62
    Name: Bone_R.017
    Offset: [0.865956008, 0.470939547, 0.168332741, -0, 0.386753529, -0.417190135, -0.822419524, 0, -0.31708321, 0.777282655, -0.543405831, -0, 0.391350597, -0.315139145, 0.224897087, 1]
    Transform: [0.849041283, -0.422152013, -0.317673534, 0, 0.442248851, 0.896838725, -0.00980495196, 0, 0.289041162, -0.132165968, 0.948149443, 0, -1.86264515e-08, 0.155198872, -4.09781933e-08, 1]
    ChildIds:
      - 64
  - Id: 64
    ParentId: 63
    Name: Bone_R.018
    Offset: [0.482876718, 0.865624368, 0.132379696, -0, 0.559760213, -0.188864037, -0.80684495, 0, -0.673422992, 0.463707685, -0.575740159, -0, 0.511928856, -0.0743177682, 0.235569447, 1]
    Transform: [0.848170459, -0.529560626, -0.0131317861, 0, 0.529514968, 0.846880913, 0.0490569994, 0, -0.0148575949, -0.0485621728, 0.998709619, 0, 4.84287739e-08, 0.030336298, 3.7252903e-09, 1]
    ChildIds:
      - 65
  - Id: 65
    ParentId: 64
    Name: Bone_R.019
    Offset: [-0.0289602596, 0.993618369, 0.109012194, -0, 0.539031684, 0.107365988, -0.83541435, 0, -0.841787457, 0.0345672965, -0.538701177, 0, 0.502268493, 0.181090191, 0.208270773, 1]
    Transform: [0.854623258, -0.517215729, 0.0459020473, 0, 0.516616166, 0.855851829, 0.02500543, 0, -0.052218549, 0.0023435147, 0.998632848, 0, 2.98023224e-08, 0.0299888607, -3.7252903e-09, 1]
    ChildIds:
      - 66
  - Id: 66
    ParentId: 65
    Name: Bone_R.019_end
    Offset: [-0.0289585721, 0.99361819, 0.109013729, -0, 0.53903228, 0.107366338, -0.835413873, 0, -0.8417871, 0.0345696174, -0.538701594, 0, 0.502268612, 0.154407039, 0.20827128, 1]
    Transform: [1, 1.75647392e-06, -5.51344328e-07, 0, -1.75647483e-06, 1, -1.55996486e-06, 0, 5.513416e-07, 1.55996577e-06, 1, 0, -2.32830644e-08, 0.0266819131, 2.23517418e-08, 1]
    ChildIds:
      []
  - Id: 67
    ParentId: 46
    Name: Bone_R.020
    Offset: [0.166348279, 0.461233646, -0.871545553, -0, -0.643124998, 0.720746815, 0.258678377, 0, 0.747474849, 0.517481923, 0.416525871, -0, -0.289424181, -0.108457774, -0.333648711, 1]
    Transform: [0.221795171, 0.830772042, 0.510513961, 0, 0.173137978, 0.481681436, -0.859072864, 0, -0.959598958, 0.278927624, -0.0370036326, 0, 0.0278769098, 0.0631782934, -0.0254474916, 1]
    ChildIds:
      - 68
  - Id: 68
    ParentId: 67
    Name: Bone_R.021
    Offset: [-0.0544987842, 0.474924743, -0.878337264, 0, -0.912345767, 0.333786607, 0.237090379, 0, 0.405777305, 0.81426847, 0.415104657, -0, -0.173418567, -0.280645132, -0.333862096, 1]
    Transform: [0.880994737, -0.472724527, -0.0194891654, 0, 0.472981602, 0.880996108, 0.0115886126, 0, 0.011691656, -0.0194275212, 0.999742866, 0, 1.01514161e-07, 0.050324183, 5.07570803e-08, 1]
    ChildIds:
      - 69
  - Id: 69
    ParentId: 68
    Name: Bone_R.022
    Offset: [-0.30560708, 0.363061696, -0.880221784, 0, -0.945282698, -0.226579398, 0.234739482, 0, -0.114215173, 0.903796554, 0.412440151, -0, 0.0358242169, -0.36639446, -0.332815766, 1]
    Transform: [0.832733631, -0.553664804, -0.00310248509, 0, 0.553672314, 0.832730532, 0.0025596607, 0, 0.00116634043, -0.00384927634, 0.999991894, 0, 2.32830644e-08, 0.0430162735, 2.09547579e-08, 1]
    ChildIds:
      - 70
  - Id: 70
    ParentId: 69
    Name: Bone_R.022_end
    Offset: [-0.305607378, 0.363062531, -0.880221367, 0, -0.945282638, -0.226580009, 0.234739423, 0, -0.114215441, 0.903796136, 0.412441164, -0, 0.0358243249, -0.409794807, -0.332816243, 1]
    Transform: [1, -3.65078364e-07, 1.54599732e-07, 0, 3.65078535e-07, 1, -1.03935599e-06, 0, -1.54599348e-07, 1.03935588e-06, 0.99999994, 0, -9.31322575e-09, 0.0434005894, 2.65426934e-08, 1]
    ChildIds:
      []
  - Id: 71
    ParentId: 4294967295
    Name: IK_PoleTrgt_R
    Offset: [-0.331960469, -0.466445893, 0.819896579, 0, -0.580928802, -0.5837062, -0.567282021, 0, 0.743184984, -0.664616823, -0.0772044137, -0, -0.152953967, -0.350625813, 0.194250092, 1]
    Transform: [-0.331960529, -0.580928862, 0.743184984, 0, -0.466445833, -0.583706021, -0.664616764, 0, 0.819896698, -0.56728214, -0.0772047043, 0, -0.373587608, -0.183323115, -0.10436175, 1]
    ChildIds:
      - 72
  - Id: 72
    ParentId: 71
    Name: IK_PoleTrgt_R_end
    Offset: [-0.33196041, -0.466446012, 0.819896579, 0, -0.580928743, -0.583706379, -0.56728214, 0, 0.743185103, -0.664616764, -0.0772044361, -0, -0.152953893, -0.451070428, 0.194250092, 1]
    Transform: [1, -1.49011612e-07, 1.86264626e-09, 0, 1.49011612e-07, 1, -1.49011612e-08, 0, -1.86264404e-09, 1.49011612e-08, 1, 0, 1.49011612e-08, 0.100444563, 0, 1]
    ChildIds:
      []
  - Id: 73
    ParentId: 4294967295
    Name: ACRRifle
    Offset: [1, 1.27897665e-13, 4.76837045e-07, -0, 2.04501546e-07, 0.903365672, -0.428870738, 0, -4.30758433e-07, 0.428871036, 0.903365672, -0, -4.93938934e-08, 0.146380067, 0.103586487, 1]
    Transform: [1, 2.04501617e-07, -4.30758348e-07, 0, 3.55271368e-14, 0.903365731, 0.428871095, 0, 4.76837272e-07, -0.428871185, 0.90336597, 0, -1.94976198e-17, -0.0878094733, -0.156354636, 1]
    ChildIds:
      - 74
      - 76
  - Id: 74
    ParentId: 73
    Name: Rif
    Offset: [-2.88018873e-06, 0.999997497, 0.00222491985, -0, -2.22569338e-06, 0.00222491939, -0.999997258, 0, -0.999999881, -2.84601424e-06, 1.85532485e-06, -0, 0.251534343, -0.0117152799, 0.145279691, 1]
    Transform: [-2.50339531e-06, -0.428872854, -0.903365016, 0, 0.999997437, 0.0020086763, -0.000956356467, 0, 0.00222474337, -0.903362691, 0.428871691, 0, 0.0113926036, 0.385520071, 0.268496245, 1]
    ChildIds:
      - 75
  - Id: 75
    ParentId: 74
    Name: Rif_end
    Offset: [-2.28238173e-06, 0.999997497, 0.00222509215, -0, -1.81574546e-06, 0.00222509168, -0.999997258, 0, -0.999999881, -2.24729638e-06, 1.44670753e-06, -0, 0.251534253, -0.0508251898, 0.145279795, 1]
    Transform: [1, 5.98717691e-07, -4.08616927e-07, 0, -5.98717747e-07, 0.99999994, -1.72294094e-07, 0, 4.08616785e-07, 1.72294349e-07, 0.99999994, 0, 7.78076981e-09, 0.0391097367, 1.37123379e-08, 1]
    ChildIds:
      []
  - Id: 76
    ParentId: 73
    Name: Trigger
    Offset: [1, -6.38710168e-13, -2.38417101e-07, -0, 1.2390132e-10, -0.999999642, 0.000519380032, 0, -2.38418977e-07, -0.000520303904, -0.999998331, 0, -9.85905579e-09, 0.0399784483, -0.0413516834, 1]
    Transform: [1, -1.02138713e-07, 2.6140529e-07, 0, -2.04277782e-07, -0.903588772, 0.428401381, 0, 1.92446791e-07, -0.428401977, -0.903590024, 0, -2.34101627e-08, 0.164789006, 0.0490946844, 1]
    ChildIds:
      - 77
  - Id: 77
    ParentId: 76
    Name: Trigger_end
    Offset: [1, -6.67131823e-13, -2.38417059e-07, -0, 1.23912103e-10, -0.999999642, 0.000519544643, 0, -2.3841892e-07, -0.000520468515, -0.999998331, 0, -9.85905224e-09, -0.00034893729, -0.0413516797, 1]
    Transform: [1, -1.0818093e-14, -5.70354717e-14, 0, 1.08181032e-14, 1, 1.64611265e-07, 0, 5.70354717e-14, -1.64611265e-07, 1, 0, 4.89949268e-16, 0.0403273776, -2.41476528e-09, 1]
    ChildIds:
      []
  - Id: 78
    ParentId: 4294967295
    Name: Pmag
    Offset: [1, -2.68673989e-14, 4.76837613e-07, -0, 3.2949945e-09, 0.999976158, -0.00691009732, 0, -4.76826187e-07, 0.00691004237, 0.999976158, -0, 3.15581659e-08, 0.151833817, -0.0661822185, 1]
    Transform: [1, 3.29506578e-09, -4.76826187e-07, 0, -7.10542693e-15, 0.999976039, 0.00691023283, 0, 4.76837499e-07, -0.00691023283, 0.999976039, 0, -3.13435675e-17, -0.152287513, 0.0651314259, 1]
    ChildIds:
      - 79
  - Id: 79
    ParentId: 78
    Name: Pmag_end
    Offset: [1, -2.70894435e-14, 4.76837613e-07, -0, 3.29499539e-09, 0.999976158, -0.00691009779, 0, -4.76826244e-07, 0.00691004284, 0.999976158, -0, 3.1558173e-08, -0.0771631896, -0.0661822185, 1]
    Transform: [1, 5.65293219e-16, -1.43036624e-14, 0, -5.65293219e-16, 1, 4.65661287e-10, 0, 1.43036624e-14, -4.65661287e-10, 1, 0, -9.0553116e-16, 0.228997007, 2.09547579e-09, 1]
    ChildIds:
      []