RootBoneIds:
  - 0
Bones:
  - Id: 0
    ParentId: 4294967295
    Name: mixamorig:Hips
    Offset: [100, -0.00878096186, -0.000278699503, -0, 0.00878096186, 100, 7.52531741e-06, -0, 0.000278698833, -7.54978964e-06, 100, -0, -0.00846548751, -96.3686447, 0.0356893986, 1]
    Transform: [1, 2.78700099e-06, -8.7809618e-05, 0, -8.7809618e-05, 5.96046448e-08, -0.99999994, 0, -2.78700099e-06, 0.99999994, 5.96046448e-08, 0, 3.49229435e-06, -0.0356893763, -96.3686523, 1]
    ChildIds:
      - 1
      - 59
      - 64
  - Id: 1
    ParentId: 0
    Name: mixamorig:Spine
    Offset: [100, -9.92478655e-10, -0.000323429733, -0, 3.29625777e-06, 99.994812, 1.01878095, -0, 0.000323412969, -1.01878095, 99.994812, -0, -2.20548955e-05, -105.573776, -2.61710405, 1]
    Transform: [1, -8.77766652e-05, 4.47134681e-07, 0, 8.77766579e-05, 0.999948025, -0.0101877348, 0, 4.47133857e-07, 0.0101877348, 0.999948025, 0, 0.000824650633, 9.22631073, 1.57710004, 1]
    ChildIds:
      - 2
  - Id: 2
    ParentId: 1
    Name: mixamorig:Spine1
    Offset: [100.000008, 9.54167518e-08, -0.000324573688, -0, 3.05202666e-05, 99.5541611, 9.43238354, -0, 0.000323135639, -9.43238354, 99.5541763, -0, -5.52239362e-05, -121.175941, -12.8629274, 1]
    Transform: [1, 2.72254169e-07, -1.33226763e-14, 0, -2.7128786e-07, 0.996450782, -0.0841765329, 0, -2.29173978e-08, 0.0841765329, 0.996450722, 0, 6.85759005e-10, 16.2548351, -3.57671809e-07, 1]
    ChildIds:
      - 3
  - Id: 3
    ParentId: 2
    Name: mixamorig:Spine2
    Offset: [100, 9.26064772e-08, -0.000324553839, -0, 9.70741821e-05, 95.4136429, 29.9371948, -0, 0.000309696421, -29.9371948, 95.4136505, -0, -0.000145372382, -129.249542, -40.64114, 1]
    Transform: [1, 6.75248259e-07, -7.10167711e-08, 0, -6.7524843e-07, 0.978120565, -0.208039463, 0, -7.10153003e-08, 0.208039463, 0.978120565, 0, -1.32357343e-08, 13.7006578, 1.63868663e-07, 1]
    ChildIds:
      - 4
      - 11
      - 35
  - Id: 4
    ParentId: 3
    Name: mixamorig:Neck
    Offset: [100.000008, 9.28707777e-08, -1.33240956e-08, -0, -9.26547798e-08, 100.000008, 1.05300242e-05, 0, 1.33695801e-08, -7.54979055e-06, 100.000023, -0, -1.34638549e-05, -149.365967, 4.27068424, 1]
    Transform: [1, 5.68434189e-14, -3.24568919e-06, 0, 9.71667873e-07, 0.954136431, 0.299371868, 0, 3.09682991e-06, -0.299371839, 0.954136312, 0, 1.09139364e-11, 14.5444727, 6.6756761e-06, 1]
    ChildIds:
      - 5
  - Id: 5
    ParentId: 4
    Name: mixamorig:Neck1
    Offset: [100.000008, 9.28639992e-08, -1.33707276e-08, -0, -9.26479871e-08, 100.000008, 7.6345641e-06, 0, 1.34162095e-08, -4.6543305e-06, 100.000023, -0, -1.34639267e-05, -153.705948, 3.34378958, 1]
    Transform: [1, 6.78624298e-14, 4.66294104e-13, 0, -6.78624434e-14, 1, 2.89545934e-08, 0, -4.66294158e-13, -2.89545969e-08, 1.00000012, 0, 6.4140776e-11, 4.33998156, 0.926899195, 1]
    ChildIds:
      - 6
  - Id: 6
    ParentId: 5
    Name: mixamorig:Head
    Offset: [100.000008, 9.28622867e-08, -1.33707294e-08, -0, -9.26462818e-08, 100.000008, 5.61840352e-06, 0, 1.34162095e-08, -2.63817014e-06, 100.000023, -0, -1.34639631e-05, -157.732574, 2.48529243, 1]
    Transform: [1, 1.70703363e-14, -2.4102397e-18, 0, -1.70703363e-14, 1, 2.01616039e-08, 0, 2.41058401e-18, -2.01616057e-08, 1.00000012, 0, 3.19279048e-11, 4.02662659, 0.858500361, 1]
    ChildIds:
      - 7
      - 8
      - 9
      - 10
  - Id: 7
    ParentId: 6
    Name: mixamorig:HeadTop_End
    Offset: [100.000008, 9.28622867e-08, -1.33707294e-08, -0, -9.26462889e-08, 100.000008, 5.53363088e-06, 0, 1.34162095e-08, -2.55339683e-06, 100.000023, -0, -1.34639622e-05, -179.481369, 2.48529243, 1]
    Transform: [1, -8.13184253e-17, -7.31985855e-18, 0, 8.13184253e-17, 1, 8.47729831e-10, 0, 7.31985938e-18, -8.47729942e-10, 1.00000012, 0, -4.44561055e-13, 21.7488098, 7.04067133e-08, 1]
    ChildIds:
      []
  - Id: 8
    ParentId: 6
    Name: mixamorig:LeftEye
    Offset: [100.000008, 9.28622867e-08, -1.3370725e-08, -0, -9.26462818e-08, 100.000008, 5.61840352e-06, 0, 1.34162041e-08, -2.63817014e-06, 100.000023, -0, -3.00571346, -164.99437, -5.47030973, 1]
    Transform: [1, -2.57504038e-17, -5.54994152e-17, 0, 2.57504038e-17, 1, 3.57335562e-22, 0, 5.54994218e-17, -3.57335613e-22, 1.00000012, 0, 3.00570035, 7.26177979, 7.95560265, 1]
    ChildIds:
      []
  - Id: 9
    ParentId: 6
    Name: mixamorig:RightEye
    Offset: [100.000008, 9.28622867e-08, -1.3370725e-08, -0, -9.26462818e-08, 100.000008, 5.61840352e-06, 0, 1.34162041e-08, -2.63817014e-06, 100.000023, -0, 3.005687, -164.99437, -5.47030973, 1]
    Transform: [1, -2.57504038e-17, -5.54994152e-17, 0, 2.57504038e-17, 1, 3.57335562e-22, 0, 5.54994218e-17, -3.57335613e-22, 1.00000012, 0, -3.00570011, 7.26177979, 7.95560265, 1]
    ChildIds:
      []
  - Id: 10
    ParentId: 6
    Name: mixamorig:Jaw
    Offset: [100.000008, 9.28622867e-08, -1.33707294e-08, -0, -9.26462818e-08, 100.000008, 5.61840352e-06, 0, 1.34162095e-08, -2.63817014e-06, 100.000023, -0, -1.34640768e-05, -159.762863, 0.0290917866, 1]
    Transform: [1, -2.57504071e-17, -6.927162e-18, 0, 2.57504071e-17, 1, 3.57335562e-22, 0, 6.92716283e-18, -3.57335613e-22, 1.00000012, 0, 1.14799052e-10, 2.0302887, 2.4562006, 1]
    ChildIds:
      []
  - Id: 11
    ParentId: 3
    Name: mixamorig:LeftShoulder
    Offset: [-14.2913628, 98.5636292, -8.99802876, -0, 1.29117441, -8.90491009, -99.5943375, 0, -98.9650879, -14.349576, 4.20641209e-06, 0, -4.6741395, 6.38399076, 145.637466, 1]
    Transform: [-0.142916679, 0.308593243, -0.94039619, 0, 0.985635996, -0.0420063771, -0.163576618, 0, -0.0899812877, -0.950266123, -0.298157215, 0, 6.14419746, 10.8553915, -0.569543064, 1]
    ChildIds:
      - 12
  - Id: 12
    ParentId: 11
    Name: mixamorig:LeftArm
    Offset: [-1.22195388e-06, 99.9999924, -5.51342891e-05, -0, -4.95417544e-06, -5.43892274e-05, -99.9999924, 0, -100, -1.51944391e-06, 4.42853752e-06, -0, -5.50319099, -18.4632397, 144.562546, 1]
    Transform: [0.989650846, 0.143495739, 3.72529008e-09, 0, -0.142913669, 0.985636473, -0.0899797603, 0, -0.0129117174, 0.0890485644, 0.995943606, 0, -1.07288361e-06, 12.4986277, 1.13318138e-05, 1]
    ChildIds:
      - 13
  - Id: 13
    ParentId: 12
    Name: mixamorig:LeftForeArm
    Offset: [-1.71070405e-06, 99.9999924, 0.000109484863, -0, -4.88935211e-06, 0.000110229921, -99.9999924, 0, -100, -2.00820114e-06, 4.36371056e-06, -0, -5.50319099, -46.1504784, 144.5625, 1]
    Transform: [1, -4.88750063e-09, -6.48233189e-10, 0, 4.88749974e-09, 1, -1.64619155e-06, 0, 6.48241183e-10, 1.64619155e-06, 1, 0, 3.80414065e-07, 27.6870003, -1.04295732e-05, 1]
    ChildIds:
      - 14
  - Id: 14
    ParentId: 13
    Name: mixamorig:LeftHand
    Offset: [7.19546124e-12, 99.9999924, -0.000165147721, -0, -3.17865192e-06, -0.000164402663, -99.9999924, 0, -100, -2.97480625e-07, 2.6530131e-06, -0, -5.50319386, -74.0238647, 144.562698, 1]
    Transform: [1, 1.71071317e-08, -1.7106986e-08, 0, -1.71070855e-08, 1, 2.74632612e-06, 0, 1.71070322e-08, -2.74632612e-06, 1, 0, -2.28275212e-07, 27.8737831, 1.97698901e-05, 1]
    ChildIds:
      - 15
      - 19
      - 23
      - 27
      - 31
  - Id: 15
    ParentId: 14
    Name: mixamorig:LeftHandThumb1
    Offset: [38.7300491, 77.4595718, -49.9999466, -0, -22.3607254, -44.7212677, -86.6025543, 0, -89.4426117, 44.7215729, -4.72937099e-05, -0, -0.376467913, 6.20325661, 162.208801, 1]
    Transform: [0.894426107, 0.387300909, 0.223606616, 0, -0.447215796, 0.774596751, 0.447211593, 0, 4.76837158e-07, -0.499998063, 0.866026521, 0, -2.39236045, 2.4210217, 1.39556456, 1]
    ChildIds:
      - 16
  - Id: 16
    ParentId: 15
    Name: mixamorig:LeftHandThumb2
    Offset: [38.7299881, 77.4596024, -49.9999695, -0, -22.3607807, -44.7212639, -86.6025543, 0, -89.442627, 44.7215462, 3.45607914e-05, -0, -0.376340479, 1.68924916, 162.208847, 1]
    Transform: [1, -3.39001332e-07, 8.00971634e-07, 0, 3.39001502e-07, 1, -1.95595675e-07, 0, -8.00971463e-07, 1.95595945e-07, 0.99999994, 0, 5.42402267e-06, 4.51398039, -2.61863752e-05, 1]
    ChildIds:
      - 17
  - Id: 17
    ParentId: 16
    Name: mixamorig:LeftHandThumb3
    Offset: [38.7300568, 77.4596558, -49.9997902, -0, -22.3607693, -44.721077, -86.6026382, 0, -89.4425964, 44.7215996, 7.63975186e-05, -0, -0.376440585, -3.48975897, 162.208801, 1]
    Transform: [1, 6.25848315e-07, -4.66522749e-07, 0, -6.25849282e-07, 1.00000012, -1.92740754e-06, 0, 4.66521612e-07, 1.92740799e-06, 1.00000012, 0, 2.19643116e-05, 5.17869473, 1.94964596e-05, 1]
    ChildIds:
      - 18
  - Id: 18
    ParentId: 17
    Name: mixamorig:LeftHandThumb4
    Offset: [60.6949577, 69.3963013, -38.7333488, -0, -6.48716354, -44.2484093, -89.4426727, 0, -79.2088242, 56.7999115, -22.3547096, -0, -41.3717117, -0.201433003, 156.966751, 1]
    Transform: [0.958041847, 0.144918025, -0.247293666, 0, -0.140317887, 0.989443481, 0.0362232737, 0, 0.249932542, -3.691762e-06, 0.96826309, 0, 2.20239162e-05, 2.70562983, 2.09328773e-05, 1]
    ChildIds:
      []
  - Id: 19
    ParentId: 14
    Name: mixamorig:LeftHandIndex1
    Offset: [7.19546298e-12, 99.9999924, -5.93445204e-09, -0, -3.1786517e-06, 7.3912355e-07, -99.9999924, 0, -100, -2.97485002e-07, 2.65301196e-06, -0, -3.23834562, -84.5388718, 144.331192, 1]
    Transform: [1, 4.77472141e-17, -4.64897929e-15, 0, -4.77548904e-17, 1, -1.65141796e-06, 0, 4.64897929e-15, 1.65141796e-06, 1, 0, -2.26484871, 10.5147696, 0.231366649, 1]
    ChildIds:
      - 20
  - Id: 20
    ParentId: 19
    Name: mixamorig:LeftHandIndex2
    Offset: [3.51536e-05, 99.9999924, 1.40791467e-11, -0, 3.19749452e-05, 7.45060731e-07, -99.9999924, 0, -100, 3.48561116e-05, -3.25005858e-05, -0, -3.23842812, -90.0881653, 144.331192, 1]
    Transform: [1, 3.51535903e-07, -3.51535959e-07, 0, -3.51535903e-07, 1, -5.93610924e-11, 0, 3.51535959e-07, 5.94846741e-11, 1, 0, -5.78269201e-08, 5.5493021, -9.12600626e-08, 1]
    ChildIds:
      - 21
  - Id: 21
    ParentId: 20
    Name: mixamorig:LeftHandIndex3
    Offset: [5.10674363e-05, 99.9999924, 2.85794912e-11, -0, 4.7888785e-05, 7.45062152e-07, -99.9999924, 0, -100, 5.07699442e-05, -4.84144257e-05, -0, -3.23846579, -93.4792709, 144.331192, 1]
    Transform: [1, 1.59138352e-07, -1.59138395e-07, 0, -1.59138352e-07, 1, -6.36421119e-14, 0, 1.59138395e-07, 8.89671366e-14, 1, 0, -1.4381294e-07, 3.39110565, 1.05249558e-06, 1]
    ChildIds:
      - 22
  - Id: 22
    ParentId: 21
    Name: mixamorig:LeftHandIndex4
    Offset: [0.00430995366, 100, 3.44937835e-05, -0, 0.800294518, 7.45403668e-07, -99.9967957, 0, -99.9968033, 0.00430979533, -0.800295234, -0, -4.397439, -95.8134842, 144.300613, 1]
    Transform: [0.999967933, 4.25888793e-05, -0.00800246652, 0, -4.25902435e-05, 1, -2.38458142e-11, 0, 0.00800246745, 3.40850903e-07, 0.999967992, 0, -9.98275209e-06, 2.33435011, 1.56785006e-06, 1]
    ChildIds:
      []
  - Id: 23
    ParentId: 14
    Name: mixamorig:LeftHandMiddle1
    Offset: [1.30708725e-12, 99.9999924, 2.27373641e-11, -0, -3.1786517e-06, 7.4508074e-07, -99.9999924, 0, -100, -2.97490885e-07, 2.65301196e-06, -0, -5.50319242, -84.5148621, 144.562531, 1]
    Transform: [1, -5.88150473e-14, -4.64888146e-15, 0, 5.88150337e-14, 1, -1.65147753e-06, 0, 4.64897887e-15, 1.65147753e-06, 1, 0, -1.73411161e-06, 10.4907598, 1.28675156e-05, 1]
    ChildIds:
      - 24
  - Id: 24
    ParentId: 23
    Name: mixamorig:LeftHandMiddle2
    Offset: [2.25577178e-20, 100.000008, 1.10460113e-27, -0, -3.1786517e-06, 7.4505806e-07, -100, 0, -100.000008, -2.97492221e-07, 2.65301219e-06, -0, -5.50319242, -90.3069687, 144.562546, 1]
    Transform: [1, -1.29625433e-14, -8.88178737e-16, 0, 1.29625416e-14, 0.999999881, 2.27865009e-13, 0, 8.88178737e-16, -2.27865036e-13, 1, 0, -3.03604509e-07, 5.79209995, -1.54047684e-05, 1]
    ChildIds:
      - 25
  - Id: 25
    ParentId: 24
    Name: mixamorig:LeftHandMiddle3
    Offset: [1.73267726e-05, 100.000008, -0.000554452825, -0, 1.41480032e-05, -0.000553707709, -100, 0, -100.000008, 1.70291969e-05, -1.46737366e-05, -0, -5.50323391, -94.019371, 144.56308, 1]
    Transform: [1, 1.73267722e-07, -1.73266542e-07, 0, -1.73266756e-07, 1, 5.54452799e-06, 0, 1.73267523e-07, -5.54452845e-06, 1.00000012, 0, 6.50068614e-07, 3.71320462, -1.54047902e-05, 1]
    ChildIds:
      - 26
  - Id: 26
    ParentId: 25
    Name: mixamorig:LeftHandMiddle4
    Offset: [-0.130768821, 99.9999161, -8.87459028e-05, -0, 0.915841699, 0.00110963907, -99.9957962, 0, -99.9957275, -0.130764425, -0.915842891, 0, -6.70035601, -96.7809296, 144.506134, 1]
    Transform: [0.999957204, -0.00130791205, -0.0091582695, 0, 0.0013078145, 0.999999166, -1.66332793e-05, 0, 0.00915828347, 4.65525e-06, 0.999958158, 0, -2.14307584e-05, 2.75204444, 1.35676883e-05, 1]
    ChildIds:
      []
  - Id: 27
    ParentId: 14
    Name: mixamorig:LeftHandRing1
    Offset: [0.0124086831, 99.9999924, -0.00028022044, -0, -4.18232503e-06, -0.000279474858, -99.9999924, 0, -100, 0.0124083888, 3.62200717e-06, -0, -7.82779741, -84.2634888, 144.516754, 1]
    Transform: [1, 0.000124086844, 9.83272841e-09, 0, -0.000124086844, 1, 1.15072601e-06, 0, -9.68993774e-09, -1.15072714e-06, 1, 0, 2.31414771, 10.2407522, 0.0460489839, 1]
    ChildIds:
      - 28
  - Id: 28
    ParentId: 27
    Name: mixamorig:LeftHandRing2
    Offset: [-0.0181581546, 100.000008, 0.000410938024, -0, -2.9599254e-05, 0.000411677785, -100, 0, -100.000008, -0.0181584526, 2.89988639e-05, -0, -7.80033875, -89.7120895, 144.516113, 1]
    Transform: [0.99999994, -0.000305668393, 2.55023565e-07, 0, 0.000305668364, 0.999999881, -6.91153855e-06, 0, -2.52910922e-07, 6.91161631e-06, 1, 0, -7.24435267e-07, 5.44519758, 7.73035754e-06, 1]
    ChildIds:
      - 29
  - Id: 29
    ParentId: 28
    Name: mixamorig:LeftHandRing3
    Offset: [-0.00202801311, 100.000008, -5.53328383e-10, -0, 1.920881e-05, 7.44947386e-07, -100, 0, -100.000008, -0.00202831184, -1.97344743e-05, 0, -7.8154788, -93.4234238, 144.516525, 1]
    Transform: [1, 0.000161301403, -4.87416685e-07, 0, -0.000161301403, 1, 4.10937582e-06, 0, 4.88079536e-07, -4.10929715e-06, 1.00000012, 0, -7.95516826e-07, 3.71318841, -3.03425622e-05, 1]
    ChildIds:
      - 30
  - Id: 30
    ParentId: 29
    Name: mixamorig:LeftHandRing4
    Offset: [0.153524339, 99.9998856, -0.000405168132, -0, 1.47924232, -0.0026753787, -99.9890518, 0, -99.9889374, 0.153501213, -1.47924554, -0, -10.1012049, -95.6880112, 144.385452, 1]
    Transform: [0.999889493, 0.00155552116, -0.0147922346, 0, -0.00155529531, 0.999998808, 2.67609394e-05, 0, 0.014792257, -3.75168929e-06, 0.999890566, 0, -5.85841917e-08, 2.28072309, 1.54219151e-06, 1]
    ChildIds:
      []
  - Id: 31
    ParentId: 14
    Name: mixamorig:LeftHandPinky1
    Offset: [7.19546298e-12, 100.000008, 2.27078061e-07, -0, -3.1786517e-06, 9.72124781e-07, -100, 0, -100.000008, -2.97485059e-07, 2.65301219e-06, -0, -9.92166424, -83.8443756, 144.352829, 1]
    Transform: [1, 4.77482134e-17, -4.64897929e-15, 0, -4.77558962e-17, 0.999999881, -1.65374786e-06, 0, 4.64897929e-15, 1.65374809e-06, 1, 0, 4.41846895, 9.82025814, 0.209745914, 1]
    ChildIds:
      - 32
  - Id: 32
    ParentId: 31
    Name: mixamorig:LeftHandPinky2
    Offset: [3.39229628e-05, 100.000008, 1.31688046e-11, -0, 3.07443115e-05, 7.45049306e-07, -100, 0, -100.000008, 3.3625467e-05, -3.12699522e-05, -0, -9.92174339, -87.5206757, 144.352829, 1]
    Transform: [1, 3.3922953e-07, -3.39229643e-07, 0, -3.3922953e-07, 1, 2.27076447e-09, 0, 3.39229672e-07, -2.27064967e-09, 1.00000012, 0, 1.79904347e-07, 3.67629385, -6.44828617e-08, 1]
    ChildIds:
      - 33
  - Id: 33
    ParentId: 32
    Name: mixamorig:LeftHandPinky3
    Offset: [2.84216617e-12, 100.000008, 1.39174573e-19, -0, -3.17864829e-06, 7.45046634e-07, -100, 0, -100.000008, -2.97489805e-07, 2.6530106e-06, -0, -9.92166328, -90.3319702, 144.352829, 1]
    Transform: [1, -3.39229587e-07, 3.39229615e-07, 0, 3.39229587e-07, 1, 1.31138834e-13, 0, -3.39229643e-07, -1.60621181e-14, 1.00000012, 0, -3.16711521e-07, 2.81129241, 3.10251266e-06, 1]
    ChildIds:
      - 34
  - Id: 34
    ParentId: 33
    Name: mixamorig:LeftHandPinky4
    Offset: [-0.113958694, 99.999939, -1.54665722e-05, -0, 0.820395052, 0.000920191, -99.9966354, 0, -99.996582, -0.113955274, -0.820396066, 0, -11.0007591, -92.0040894, 144.266586, 1]
    Transform: [0.999965608, -0.00113958667, -0.00820398051, 0, 0.00113954989, 0.999999464, -9.19449576e-06, 0, 0.00820398796, -1.54666409e-07, 0.999966443, 0, 1.79905669e-07, 1.65954697, -2.63222887e-07, 1]
    ChildIds:
      []
  - Id: 35
    ParentId: 3
    Name: mixamorig:RightShoulder
    Offset: [-14.2868986, -98.5645142, 8.99525738, -0, -1.29035151, -8.90221977, -99.5945892, 0, 98.9657516, -14.3450651, 1.76214526e-05, -0, 4.67381573, 6.38415384, 145.637299, 1]
    Transform: [-0.142866015, -0.308587432, 0.940405846, 0, -0.985646367, -0.0419943482, -0.163519025, 0, 0.0899515525, -0.950268686, -0.298158437, 0, -6.14020205, 10.8554068, -0.569503188, 1]
    ChildIds:
      - 36
  - Id: 36
    ParentId: 35
    Name: mixamorig:RightArm
    Offset: [-5.81075119e-06, -99.9999695, -5.58793181e-05, 0, 9.81768972e-06, 6.55650729e-05, -99.9999695, 0, 99.9999924, -1.68090701e-05, 4.43160798e-06, -0, 5.50318241, -18.463377, 144.562515, 1]
    Transform: [0.989657581, -0.143450528, 1.20606288e-07, 0, 0.142868981, 0.985645413, -0.0899531692, 0, 0.0129037127, 0.0890228525, 0.995946109, 0, 5.96046448e-07, 12.5025654, -8.71834709e-06, 1]
    ChildIds:
      - 37
  - Id: 37
    ParentId: 36
    Name: mixamorig:RightForeArm
    Offset: [1.71070315e-06, -99.9999695, 5.47423952e-05, -0, 1.46795162e-06, -4.50566586e-05, -99.9999695, 0, 99.9999924, -9.28761347e-06, -3.91811636e-06, -0, 5.50319767, -46.1501999, 144.562576, 1]
    Transform: [1, -7.52146008e-08, 8.34973548e-08, 0, 7.52145155e-08, 1, 1.10621761e-06, 0, -8.3497433e-08, -1.1062175e-06, 0.99999994, 0, 6.61920467e-07, 27.6869869, 1.0285793e-05, 1]
    ChildIds:
      - 38
  - Id: 38
    ParentId: 37
    Name: mixamorig:RightHand
    Offset: [-5.10927612e-06, -99.9999695, 1.16061527e-11, 0, 8.28792599e-06, 9.68573022e-06, -99.9999695, 0, 99.9999924, -1.61075914e-05, 2.90185403e-06, -0, 5.50318289, -74.0240631, 144.562531, 1]
    Transform: [1, 6.81997889e-08, -6.81998031e-08, 0, -6.81998316e-08, 1, -5.47424065e-07, 0, 6.81997534e-08, 5.47424008e-07, 0.99999994, 0, -5.74735395e-07, 27.8737907, 2.07282264e-05, 1]
    ChildIds:
      - 39
      - 43
      - 47
      - 51
      - 55
  - Id: 39
    ParentId: 38
    Name: mixamorig:RightHandPinky1
    Offset: [-5.10927612e-06, -99.9999695, 1.18671999e-11, -0, 3.17865124e-06, 9.68573022e-06, -99.9999695, 0, 99.9999924, -1.61075914e-05, -2.2074214e-06, -0, 9.88152981, -83.8150864, 144.349594, 1]
    Transform: [1, 7.81276424e-15, 5.1092762e-08, 0, -7.81276424e-15, 1, -9.92695509e-16, 0, -5.10927585e-08, 9.9269498e-16, 0.99999994, 0, -4.37833977, 9.79102325, 0.212936118, 1]
    ChildIds:
      - 40
  - Id: 40
    ParentId: 39
    Name: mixamorig:RightHandPinky2
    Offset: [5.18731786e-19, -99.9999695, -5.06137563e-26, -0, 3.17864988e-06, 9.68574295e-06, -99.9999695, -0, 99.9999924, -1.09983157e-05, -2.20742231e-06, -0, 9.88153362, -87.4678955, 144.349594, 1]
    Transform: [1, -5.10927727e-08, 9.07195834e-15, 0, 5.10927727e-08, 1, -1.24277568e-13, 0, -9.07195072e-15, 1.24277555e-13, 0.99999994, 0, -4.79394657e-07, 3.65280175, 2.18116838e-07, 1]
    ChildIds:
      - 41
  - Id: 41
    ParentId: 40
    Name: mixamorig:RightHandPinky3
    Offset: [0.000236625579, -99.9999695, -0.0123045426, -0, 4.97135989e-06, 0.0123142302, -99.9999695, 0, 99.9999924, 0.000225627358, -3.86926843e-07, -0, 9.88174629, -90.2676163, 144.338486, 1]
    Transform: [1, -2.36625669e-06, -1.79273343e-08, 0, 2.36625442e-06, 1, -0.00012304548, 0, 1.82184881e-08, 0.000123045465, 0.99999994, 0, -1.13367651e-06, 2.78198981, 2.18127298e-07, 1]
    ChildIds:
      - 42
  - Id: 42
    ParentId: 41
    Name: mixamorig:RightHandPinky4
    Offset: [-0.440694034, -99.9989929, -0.0123878652, 0, -1.699646, 0.0198861957, -99.9855347, 0, 99.9845734, -0.44043088, -1.69972229, -0, 11.9286165, -91.9333191, 144.149612, 1]
    Transform: [0.999845803, 0.00440721586, 0.0169970561, 0, -0.0044065658, 0.999990284, -7.57210801e-05, 0, -0.01699722, 8.10777976e-07, 0.99985534, 0, -3.84544819e-07, 1.61212885, -3.52314328e-06, 1]
    ChildIds:
      []
  - Id: 43
    ParentId: 38
    Name: mixamorig:RightHandRing1
    Offset: [-6.95185122e-07, -99.9999695, 1.1641672e-11, -0, 3.17865079e-06, 9.68573113e-06, -99.9999695, 0, 99.9999924, -1.16935007e-05, -2.2074214e-06, -0, 7.85308409, -84.4159775, 144.667679, 1]
    Transform: [1, -4.41409185e-08, 5.1092762e-08, 0, 4.41409185e-08, 1, 1.34946325e-16, 0, -5.10927585e-08, 2.1203348e-15, 0.99999994, 0, -2.34988976, 10.3919144, -0.105148546, 1]
    ChildIds:
      - 44
  - Id: 44
    ParentId: 43
    Name: mixamorig:RightHandRing2
    Offset: [4.44094089e-14, -99.9999695, -4.333119e-21, -0, 3.17865056e-06, 9.68574204e-06, -99.9999695, -0, 99.9999924, -1.09983157e-05, -2.2074214e-06, -0, 7.85308504, -89.8172836, 144.667679, 1]
    Transform: [1, -6.95184976e-09, -3.36675082e-16, 0, 6.95184976e-09, 1, -1.13193329e-13, 0, 3.3667585e-16, 1.13193322e-13, 0.99999994, 0, 9.31343664e-07, 5.40130568, 1.73340339e-07, 1]
    ChildIds:
      - 45
  - Id: 45
    ParentId: 44
    Name: mixamorig:RightHandRing3
    Offset: [-0.00135766447, -99.9999695, -0.0129686957, 0, -2.19885096e-05, 0.0129783833, -99.9999695, 0, 99.9999924, -0.00136865932, -2.75522143e-05, -0, 7.85185528, -93.2277527, 144.655609, 1]
    Transform: [1, 1.35766477e-05, 2.51672958e-07, 0, -1.35766149e-05, 1, -0.000129687003, 0, -2.53433655e-07, 0.000129686989, 0.99999994, 0, 3.06946703e-07, 3.39160109, 1.73350799e-07, 1]
    ChildIds:
      - 46
  - Id: 46
    ParentId: 45
    Name: mixamorig:RightHandRing4
    Offset: [0.059329357, -99.9999619, -0.0125765987, -0, -1.52260232, 0.0116814813, -99.9883881, 0, 99.9883804, 0.0595029853, -1.52260065, -0, 10.1116247, -95.5742569, 144.519638, 1]
    Transform: [0.99988389, -0.000608843402, 0.015225729, 0, 0.000608716451, 0.999999762, 1.29688851e-05, 0, -0.0152257327, -3.69922645e-06, 0.99988395, 0, 5.52998245e-07, 2.35317254, 2.04399839e-05, 1]
    ChildIds:
      []
  - Id: 47
    ParentId: 38
    Name: mixamorig:RightHandMiddle1
    Offset: [-1.06581378e-12, -99.9999695, 1.45924555e-18, -0, 3.17865079e-06, 9.68574295e-06, -99.9999695, 0, 99.9999924, -1.09983175e-05, -2.2074214e-06, -0, 5.5031929, -84.803299, 144.562531, 1]
    Transform: [1, -5.10927549e-08, 5.1092762e-08, 0, 5.10927549e-08, 1, -1.21667094e-13, 0, -5.10927585e-08, 1.24277541e-13, 0.99999994, 0, 2.48579545e-06, 10.7792358, 1.50990845e-05, 1]
    ChildIds:
      - 48
  - Id: 48
    ParentId: 47
    Name: mixamorig:RightHandMiddle2
    Offset: [8.47033206e-20, -99.9999695, -1.69823301e-25, -0, 3.17865056e-06, 9.68574295e-06, -99.9999695, -0, 99.9999924, -1.09983166e-05, -2.2074214e-06, -0, 5.5031929, -90.420105, 144.562531, 1]
    Transform: [1, -9.95081093e-15, -3.17637355e-22, 0, 9.95081093e-15, 1, -1.80473011e-15, 0, 3.1763733e-22, 1.8047299e-15, 0.99999994, 0, -1.73231854e-07, 5.61680555, 1.53802685e-05, 1]
    ChildIds:
      - 49
  - Id: 49
    ParentId: 48
    Name: mixamorig:RightHandMiddle3
    Offset: [-0.00104525941, -99.9999695, -0.0124722524, 0, 1.13180422e-05, 0.012481939, -99.9999695, 0, 99.9999924, -0.00105625892, 5.80013284e-06, -0, 5.50219631, -94.1745758, 144.550781, 1]
    Transform: [1, 1.04525989e-05, -8.13929404e-08, 0, -1.04526098e-05, 1, -0.000124722574, 0, 8.00892579e-08, 0.000124722559, 0.99999994, 0, -1.73233275e-07, 3.73639607, 1.53802685e-05, 1]
    ChildIds:
      - 50
  - Id: 50
    ParentId: 49
    Name: mixamorig:RightHandMiddle4
    Offset: [0.341679811, -99.9993744, -0.0125131002, -0, -1.33900714, 0.00794659462, -99.9910202, 0, 99.9904327, 0.341805786, -1.33897758, -0, 7.76931667, -96.8401108, 144.464081, 1]
    Transform: [0.999904394, -0.00342892087, 0.0133897597, 0, 0.00342862122, 0.999994099, 4.53531102e-05, 0, -0.0133898361, 5.59632042e-07, 0.999910295, 0, -8.16557076e-07, 2.6915338, 9.1095153e-06, 1]
    ChildIds:
      []
  - Id: 51
    ParentId: 38
    Name: mixamorig:RightHandIndex1
    Offset: [1.70617714e-05, -99.9999771, 1.38099662e-11, -0, 2.12045943e-05, 9.68573295e-06, -99.9999771, 0, 99.9999924, 6.06345839e-06, 1.58185267e-05, -0, 3.2158339, -84.6014023, 144.387146, 1]
    Transform: [1, -2.21710536e-07, -1.29166722e-07, 0, 2.21710522e-07, 0.99999994, -7.93768921e-16, 0, 1.29166708e-07, -2.78438517e-14, 0.99999994, 0, 2.2873497, 10.5773306, 0.175384432, 1]
    ChildIds:
      - 52
  - Id: 52
    ParentId: 51
    Name: mixamorig:RightHandIndex2
    Offset: [2.11270435e-05, -99.9999771, 1.03068986e-12, -0, 1.78143891e-05, 9.68574568e-06, -99.9999771, 0, 99.9999924, 1.01287314e-05, 1.24283215e-05, -0, 3.21584225, -89.9781952, 144.387146, 1]
    Transform: [1, -4.06527292e-08, 3.39020616e-08, 0, 4.06527292e-08, 1, -1.21870301e-13, 0, -3.39020616e-08, 1.23248512e-13, 1, 0, 4.82890755e-07, 5.37679148, -5.08712333e-07, 1]
    ChildIds:
      - 53
  - Id: 53
    ParentId: 52
    Name: mixamorig:RightHandIndex3
    Offset: [0.00176527514, -99.9999771, -0.0129117174, -0, 1.41223372e-05, 0.0129214041, -99.9999771, 0, 99.9999924, 0.00175427564, 8.96294205e-06, -0, 3.21747565, -93.3822708, 144.375107, 1]
    Transform: [1, -1.74414836e-05, 3.6918852e-08, 0, 1.74414872e-05, 1, -0.000129117223, 0, -3.46668578e-08, 0.000129117223, 1, 0, 3.62415449e-08, 3.38549638, -3.99676935e-07, 1]
    ChildIds:
      - 54
  - Id: 54
    ParentId: 53
    Name: mixamorig:RightHandIndex4
    Offset: [-0.275231421, -99.9996109, -0.0124476422, 0, -1.34178782, 0.0161492918, -99.9909821, 0, 99.9906082, -0.27505067, -1.34183264, -0, 4.88940668, -95.7590256, 144.319412, 1]
    Transform: [0.999906242, 0.00276823388, 0.0134183811, 0, -0.00276804972, 0.999996185, -3.22797532e-05, 0, -0.0134184165, -4.86601402e-06, 0.999909997, 0, 1.8677747e-07, 2.36356354, 1.25276358e-07, 1]
    ChildIds:
      []
  - Id: 55
    ParentId: 38
    Name: mixamorig:RightHandThumb1
    Offset: [38.7298126, -77.4598846, 49.999588, -0, 22.3603592, -44.7210541, -86.6027527, 0, 89.4427872, 44.72118, -6.73025497e-05, -0, 0.466604233, 6.18704081, 162.413803, 1]
    Transform: [0.894428074, -0.387298435, -0.223603636, 0, 0.44721207, 0.774599314, 0.447210819, 0, -8.27014389e-07, -0.499996006, 0.866027653, 0, 2.31905413, 2.57044888, 1.24511707, 1]
    ChildIds:
      - 56
  - Id: 56
    ParentId: 55
    Name: mixamorig:RightHandThumb2
    Offset: [38.7297592, -77.4598846, 49.9996262, -0, 22.360384, -44.7210884, -86.6027374, 0, 89.4427948, 44.7211494, -3.6379759e-05, -0, 0.466524601, 1.64436102, 162.413818, 1]
    Transform: [1, 3.24100313e-07, -4.62122813e-07, 0, -3.24100171e-07, 0.99999994, 2.42050902e-07, 0, 4.62122841e-07, -2.42050731e-07, 0.99999994, 0, 2.98023224e-07, 4.54272461, 1.98492035e-05, 1]
    ChildIds:
      - 57
  - Id: 57
    ParentId: 56
    Name: mixamorig:RightHandThumb3
    Offset: [38.7329292, -77.465271, 49.988842, -0, 22.3559856, -44.7112274, -86.6089706, 0, 89.4425354, 44.7216911, 0.000161889926, -0, 0.475326687, -3.46715999, 162.413422, 1]
    Transform: [0.99999994, -6.05429295e-06, 5.39364955e-05, 0, 6.06035155e-06, 1, -0.000112324102, 0, -5.39358116e-05, 0.000112324415, 0.99999994, 0, -1.79409981e-05, 5.0932765, -1.18534281e-05, 1]
    ChildIds:
      - 58
  - Id: 58
    ParentId: 57
    Name: mixamorig:RightHandThumb4
    Offset: [60.8476295, -69.3513107, 38.5740242, -0, 6.24232912, -44.2746277, -89.4471207, 0, 79.11129, 56.8343811, -22.6109257, -0, 41.966156, -0.0150866881, 157.01799, 1]
    Transform: [0.957227588, -0.145469159, 0.250107437, 0, 0.140742809, 0.989362597, 0.0367796309, 0, -0.252797306, -5.6624408e-06, 0.967519164, 0, 2.8014183e-06, 2.65344191, -2.29602483e-05, 1]
    ChildIds:
      []
  - Id: 59
    ParentId: 0
    Name: mixamorig:LeftUpLeg
    Offset: [-100.000015, -0.0155387167, -0.00020611471, -0, 0.0155400829, -99.9911804, -1.32602715, 0, -1.29216062e-07, -1.32602656, 99.9912109, 0, 9.61933422, 93.0881577, 1.27018309, 1]
    Transform: [-0.999999881, 0.000243210452, 2.78611628e-06, 0, -0.00024322611, -0.999912262, -0.0132603487, 0, -4.3918385e-07, -0.0132603459, 0.999912083, 0, 9.63350868, -3.27414608, -2.71824538e-05, 1]
    ChildIds:
      - 60
  - Id: 60
    ParentId: 59
    Name: mixamorig:LeftLeg
    Offset: [-100.000008, 0.0165631548, 0.000949935347, -0, -0.0165900905, -99.8668594, -5.15804911, 0, 9.42550396e-05, -5.15804911, 99.8668823, -0, 9.63582611, 51.2328186, 3.23643661, 1]
    Transform: [0.99999994, 0.00032126109, 5.20430604e-06, 0, -0.000320825435, 0.999264896, -0.0383333452, 0, -1.75154928e-05, 0.0383333489, 0.999265015, 0, 6.84352528e-07, 41.7658463, 1.24255166e-07, 1]
    ChildIds:
      - 61
  - Id: 61
    ParentId: 60
    Name: mixamorig:LeftFoot
    Offset: [-99.9887009, -1.24396706, 0.845417082, -0, 1.50405538, -82.6987686, 56.2018051, 0, 1.76214562e-05, 56.2081871, 82.7081528, -0, 9.4494257, 11.6655006, -4.77042675, 1]
    Transform: [0.999884248, -0.0151861571, -0.000785120646, 0, 0.0125773977, 0.796892643, 0.603990018, 0, -0.00854663085, -0.603930056, 0.796991527, 0, 4.91581659e-07, 39.1991615, 1.40971679e-07, 1]
    ChildIds:
      - 62
  - Id: 62
    ParentId: 61
    Name: mixamorig:LeftToeBase
    Offset: [-99.9726486, -1.42060566, 1.85814762, -0, 1.88293958, -1.75222683, 99.9669037, -0, -1.3875767, 99.9745636, 1.77849257, -0, 9.52659607, -5.53516054, -0.276929647, 1]
    Transform: [0.999896407, -0.0109347384, -0.0093457792, 0, 0.0139410757, 0.576606154, 0.816903114, 0, -0.00354378764, -0.816948712, 0.57669884, 0, 4.33478704e-07, 14.7350416, 9.1601396e-07, 1]
    ChildIds:
      - 63
  - Id: 63
    ParentId: 62
    Name: mixamorig:LeftToe_End
    Offset: [-99.9726486, -1.42060483, 1.85814786, -0, 1.88293982, -1.75223029, 99.9669037, -0, -1.38757586, 99.9745636, 1.77849615, -0, 9.52659607, -12.2001829, -0.276930183, 1]
    Transform: [0.99999994, 8.28003888e-09, 3.41970008e-09, 0, -8.28003976e-09, 1, -3.53174983e-08, 0, -3.41970052e-09, 3.53174947e-08, 0.99999994, 0, 4.67058271e-07, 6.66502094, 2.23517418e-08, 1]
    ChildIds:
      []
  - Id: 64
    ParentId: 0
    Name: mixamorig:RightUpLeg
    Offset: [-100.000015, -0.0155409798, -0.00020579157, 0, 0.0155423637, -99.9911423, -1.33094513, 0, -1.99840127e-08, -1.33094549, 99.991127, 0, -9.64826965, 93.0851288, 1.27472126, 1]
    Transform: [-1.00000012, 0.000243233095, 2.79224923e-06, 0, -0.000243248753, -0.999911547, -0.0133095318, 0, -4.45316857e-07, -0.0133095337, 0.999911547, 0, -9.63409042, -3.272439, 2.71830777e-05, 1]
    ChildIds:
      - 65
  - Id: 65
    ParentId: 64
    Name: mixamorig:RightLeg
    Offset: [-100.000008, 0.0165631175, 0.000959930709, -0, -0.0165905524, -99.8671417, -5.15295982, 0, 0.000104075792, -5.15295935, 99.8671341, -0, -9.63177299, 51.2361221, 3.236063, 1]
    Transform: [0.99999994, 0.000321286876, 5.31758224e-06, 0, -0.00032084866, 0.999268889, -0.038233269, 0, -1.75975401e-05, 0.0382332653, 0.99926883, 0, -4.55165861e-08, 41.7658424, -9.44237399e-09, 1]
    ChildIds:
      - 66
  - Id: 66
    ParentId: 65
    Name: mixamorig:RightFoot
    Offset: [-99.9887009, -1.24396694, 0.845418751, -0, 1.50405657, -82.6987839, 56.201828, 0, 1.77919865e-05, 56.2081871, 82.7081451, -0, -9.81599426, 11.4258013, -4.6074543, 1]
    Transform: [0.999884248, -0.0151862055, -0.000784444273, 0, 0.0125774629, 0.796923459, 0.603949547, 0, -0.00854656007, -0.603889525, 0.797022223, 0, 1.88724016e-07, 39.1991692, 8.8235538e-08, 1]
    ChildIds:
      - 67
  - Id: 67
    ParentId: 66
    Name: mixamorig:RightToeBase
    Offset: [-99.9741898, 1.4179821, -1.7749691, -0, -1.79968953, -1.75007594, 99.9684677, 0, 1.38647044, 99.9746246, 1.7751385, -0, -9.89317894, -5.53015423, -0.275329262, 1]
    Transform: [0.999358118, 0.0351127833, -0.00709934067, 0, -0.0144412434, 0.576235712, 0.817155778, 0, 0.032783512, -0.816528857, 0.576373041, 0, -1.34247102e-06, 14.7350368, 4.7335925e-07, 1]
    ChildIds:
      - 68
  - Id: 68
    ParentId: 67
    Name: mixamorig:RightToe_End
    Offset: [-99.9741898, 1.41798174, -1.77496946, -0, -1.79969001, -1.75008249, 99.9684677, 0, 1.38646984, 99.9746246, 1.77514482, -0, -9.89317894, -12.2077169, -0.275330096, 1]
    Transform: [0.999999881, -5.66069502e-09, -4.46743798e-09, 0, 5.66069547e-09, 0.99999994, -6.49888534e-08, 0, 4.46743798e-09, 6.49888534e-08, 0.99999994, 0, 8.18632543e-07, 6.67756271, 1.49011612e-08, 1]
    ChildIds:
      []